switch (method) {
#ifdef PROVIDE_ISLOW_TABLES
    case JDCT_ISLOW:
      /* For LL&M IDCT method, divisors are equal to raw quantization
       * coefficients multiplied by 8 (to counteract scaling).
       */
      dtbl = (DCTELEM *) compptr->dct_table;
      for (i = 0; i < DCTSIZE2; i++) {
	dtbl[i] =
	  ((DCTELEM) qtbl->quantval[i]) << (compptr->component_needed ? 4 : 3);
      }
      fdct->pub.forward_DCT[ci] = forward_DCT;
      break;
#endif
#ifdef DCT_IFAST_SUPPORTED
    case JDCT_IFAST:
      {
	/* For AA&N IDCT method, divisors are equal to quantization
	 * coefficients scaled by scalefactor[row]*scalefactor[col], where
	 *   scalefactor[0] = 1
	 *   scalefactor[k] = cos(k*PI/16) * sqrt(2)    for k=1..7
	 * We apply a further scale factor of 8.
	 */
#define CONST_BITS 14
	static const INT16 aanscales[DCTSIZE2] = {
	  /* precomputed values scaled up by 14 bits */
	  16384, 22725, 21407, 19266, 16384, 12873,  8867,  4520,
	  22725, 31521, 29692, 26722, 22725, 17855, 12299,  6270,
	  21407, 29692, 27969, 25172, 21407, 16819, 11585,  5906,
	  19266, 26722, 25172, 22654, 19266, 15137, 10426,  5315,
	  16384, 22725, 21407, 19266, 16384, 12873,  8867,  4520,
	  12873, 17855, 16819, 15137, 12873, 10114,  6967,  3552,
	   8867, 12299, 11585, 10426,  8867,  6967,  4799,  2446,
	   4520,  6270,  5906,  5315,  4520,  3552,  2446,  1247
	};
	SHIFT_TEMPS

	dtbl = (DCTELEM *) compptr->dct_table;
	for (i = 0; i < DCTSIZE2; i++) {
	  dtbl[i] = (DCTELEM)
	    DESCALE(MULTIPLY16V16((INT32) qtbl->quantval[i],
				  (INT32) aanscales[i]),
		    compptr->component_needed ? CONST_BITS-4 : CONST_BITS-3);
	}
      }
      fdct->pub.forward_DCT[ci] = forward_DCT;
      break;
#endif
#ifdef DCT_FLOAT_SUPPORTED
    case JDCT_FLOAT:
      {
	/* For float AA&N IDCT method, divisors are equal to quantization
	 * coefficients scaled by scalefactor[row]*scalefactor[col], where
	 *   scalefactor[0] = 1
	 *   scalefactor[k] = cos(k*PI/16) * sqrt(2)    for k=1..7
	 * We apply a further scale factor of 8.
	 * What's actually stored is 1/divisor so that the inner loop can
	 * use a multiplication rather than a division.
	 */
	FAST_FLOAT * fdtbl = (FAST_FLOAT *) compptr->dct_table;
	int row, col;
	static const double aanscalefactor[DCTSIZE] = {
	  1.0, 1.387039845, 1.306562965, 1.175875602,
	  1.0, 0.785694958, 0.541196100, 0.275899379
	};

	i = 0;
	for (row = 0; row < DCTSIZE; row++) {
	  for (col = 0; col < DCTSIZE; col++) {
	    fdtbl[i] = (FAST_FLOAT)
	      (1.0 / ((double) qtbl->quantval[i] *
		      aanscalefactor[row] * aanscalefactor[col] *
		      (compptr->component_needed ? 16.0 : 8.0)));
	    i++;
	  }
	}
      }
      fdct->pub.forward_DCT[ci] = forward_DCT_float;
      break;
#endif
    default:
      ERREXIT(cinfo, JERR_NOT_COMPILED);
      break;
    }
